Accuracy: 0.3859734621092971
Validate: 0.3867739577333747
Accuracy Merge: 0.5464413087300357
